sample.ID	UTrackID	ManualLabel	BinaryLabel
0	5021000000	NA	FALSE
1	5021000001	NA	FALSE
2	5021000002	NA	FALSE
3	5021000003	NA	FALSE
4	5021000004	NA	FALSE
5	5021000005	NA	FALSE
6	5021000006	NA	FALSE
7	5021000008	NA	FALSE
8	5021000009	NA	FALSE
9	5021000011	NA	FALSE
10	5021000012	NA	FALSE
11	5021000013	NA	FALSE
12	5021000018	NA	FALSE
13	5021000019	NA	FALSE
14	5021000021	NA	FALSE
15	5021100000	NA	FALSE
16	5021100001	NA	FALSE
17	5021100002	NA	FALSE
18	5021200000	NA	FALSE
19	5021200001	NA	FALSE
20	5021200002	0	TRUE
21	5021200004	NA	FALSE
22	5021200005	NA	FALSE
23	5021200006	NA	FALSE
24	5021200008	NA	FALSE
25	5021200009	NA	FALSE
26	5021200010	NA	FALSE
27	5021200012	NA	FALSE
28	5021200014	NA	FALSE
29	5021200017	NA	FALSE
30	5021200018	NA	FALSE
31	5021300000	NA	FALSE
32	5021300001	1	TRUE
33	5021300002	NA	FALSE
34	5021300003	-1	TRUE
35	5021300007	NA	FALSE
36	5021300008	1	TRUE
37	5021300009	NA	FALSE
38	5021300011	NA	FALSE
39	5021300012	NA	FALSE
40	5021300013	NA	FALSE
41	5021300014	NA	FALSE
42	5021300015	NA	FALSE
43	5021300016	NA	FALSE
44	5021300017	NA	FALSE
45	5021300018	NA	FALSE
46	5021300019	NA	FALSE
47	5021300022	NA	FALSE
48	5021400000	NA	FALSE
49	5021400001	NA	FALSE
50	5021400002	NA	FALSE
51	5021400007	NA	FALSE
52	5021400010	NA	FALSE
53	5021600000	NA	FALSE
54	5021600001	NA	FALSE
55	5021600002	1	TRUE
56	5021600003	-1	TRUE
57	5021600004	1	TRUE
58	5021600005	NA	FALSE
59	5021600006	NA	FALSE
60	5021600007	NA	FALSE
61	5021600008	NA	FALSE
62	5021600009	NA	FALSE
63	5021600010	NA	FALSE
64	5021600013	NA	FALSE
65	5021600014	NA	FALSE
66	5021600015	NA	FALSE
67	5021600016	NA	FALSE
68	5021600017	NA	FALSE
69	5021600018	NA	FALSE
70	5021600019	NA	FALSE
71	5021700000	NA	FALSE
72	5021700001	NA	FALSE
73	5021700002	1	TRUE
74	5021700003	0	TRUE
75	5021700004	-1	TRUE
76	5021700005	NA	FALSE
77	5021700006	NA	FALSE
78	5021700007	NA	FALSE
79	5021700009	NA	FALSE
80	5021700010	NA	FALSE
81	5021700011	NA	FALSE
82	5021700012	NA	FALSE
83	5021700015	NA	FALSE
84	5021700016	NA	FALSE
85	5021700017	NA	FALSE
86	5021700018	NA	FALSE
87	5021700019	NA	FALSE
88	5021700020	NA	FALSE
89	5021700022	NA	FALSE
90	5021800001	1	TRUE
91	5021800002	0	TRUE
92	5021800003	1	TRUE
93	5021800004	NA	FALSE
94	5021800005	-1	TRUE
95	5021800006	0	TRUE
96	5021800007	0	TRUE
97	5021800008	NA	FALSE
98	5021800009	NA	FALSE
99	5021900000	NA	FALSE
100	5021900001	-2	TRUE
101	5021900002	1	TRUE
102	5021900003	0	TRUE
103	5021900004	NA	FALSE
104	5021900005	NA	FALSE
105	5021900006	NA	FALSE
106	5021900007	NA	FALSE
107	5021900009	NA	FALSE
108	5021900010	NA	FALSE
109	5021900011	NA	FALSE
110	5021900012	NA	FALSE
111	5020200000	-1	TRUE
112	5020200001	1	TRUE
113	5020200002	1	TRUE
114	5020200003	-1	TRUE
115	5020200004	NA	FALSE
116	5020200006	NA	FALSE
117	5020200008	NA	FALSE
118	5020200009	NA	FALSE
119	5020200012	NA	FALSE
120	5020200013	NA	FALSE
121	5020200015	1	TRUE
122	5020200016	NA	FALSE
123	5020200017	NA	FALSE
124	5020200018	NA	FALSE
125	5022000000	NA	FALSE
126	5022000001	NA	FALSE
127	5022000002	NA	FALSE
128	5022000003	1	TRUE
129	5022000004	NA	FALSE
130	5022000005	NA	FALSE
131	5022000006	1	TRUE
132	5022000007	NA	FALSE
133	5022000008	NA	FALSE
134	5022000009	NA	FALSE
135	5022000010	NA	FALSE
136	5022000011	NA	FALSE
137	5022000012	1	TRUE
138	5022000013	-1	TRUE
139	5022000014	NA	FALSE
140	5022000016	NA	FALSE
141	5022000017	NA	FALSE
142	5022000018	NA	FALSE
143	5022000019	NA	FALSE
144	5022000020	NA	FALSE
145	5022000021	NA	FALSE
146	5022000023	NA	FALSE
147	5022000025	NA	FALSE
148	5022100000	1	TRUE
149	5022100001	NA	FALSE
150	5022100002	NA	FALSE
151	5022100004	NA	FALSE
152	5022100005	-1	TRUE
153	5022100006	NA	FALSE
154	5022100007	NA	FALSE
155	5022100009	NA	FALSE
156	5022100011	NA	FALSE
157	5022100013	NA	FALSE
158	5022100015	NA	FALSE
159	5022100017	NA	FALSE
160	5022300000	0	TRUE
161	5022300001	NA	FALSE
162	5022300002	1	TRUE
163	5022300003	NA	FALSE
164	5022300004	0	TRUE
165	5022300005	0	TRUE
166	5022300007	NA	FALSE
167	5022300008	NA	FALSE
168	5022300009	NA	FALSE
169	5022300010	NA	FALSE
170	5022300011	1	TRUE
171	5022300013	1	TRUE
172	5022300014	0	TRUE
173	5022400000	1	TRUE
174	5022400001	NA	FALSE
175	5022400002	1	TRUE
176	5022400003	1	TRUE
177	5022400004	NA	FALSE
178	5022400005	0	TRUE
179	5022400006	1	TRUE
180	5022400007	-1	TRUE
181	5022400008	0	TRUE
182	5022400011	NA	FALSE
183	5022400012	NA	FALSE
184	5022400014	NA	FALSE
185	5022400016	NA	FALSE
186	5022400018	NA	FALSE
187	5022400019	NA	FALSE
188	5022400020	NA	FALSE
189	5022400021	NA	FALSE
190	5022400022	NA	FALSE
191	5022500000	1	TRUE
192	5022500001	1	TRUE
193	5022500002	NA	FALSE
194	5022500003	NA	FALSE
195	5022500004	NA	FALSE
196	5022500005	NA	FALSE
197	5022500006	0	TRUE
198	5022500007	-1	TRUE
199	5022500008	0	TRUE
200	5022500009	NA	FALSE
201	5022500010	NA	FALSE
202	5022500013	0	TRUE
203	5022500015	NA	FALSE
204	5022500017	NA	FALSE
205	5022500018	NA	FALSE
206	5022500020	NA	FALSE
207	5022500021	NA	FALSE
208	5022500022	NA	FALSE
209	5022600000	NA	FALSE
210	5022600001	-2	TRUE
211	5022600002	-1	TRUE
212	5022600003	-1	TRUE
213	5022600004	NA	FALSE
214	5022600005	NA	FALSE
215	5022600006	NA	FALSE
216	5022600007	NA	FALSE
217	5022600009	NA	FALSE
218	5022700000	1	TRUE
219	5022700001	NA	FALSE
220	5022700003	NA	FALSE
221	5022700006	NA	FALSE
222	5022700007	NA	FALSE
223	5022700008	NA	FALSE
224	5022700009	NA	FALSE
225	5022700010	NA	FALSE
226	5022700011	0	TRUE
227	5022700012	NA	FALSE
228	5022700013	NA	FALSE
229	5020300000	1	TRUE
230	5020300001	NA	FALSE
231	5020300002	NA	FALSE
232	5020300003	NA	FALSE
233	5020300004	-1	TRUE
234	5020300005	NA	FALSE
235	5020300006	1	TRUE
236	5020300007	NA	FALSE
237	5020300008	0	TRUE
238	5020300009	NA	FALSE
239	5020300010	NA	FALSE
240	5020300012	NA	FALSE
241	5020300013	NA	FALSE
242	5020300014	NA	FALSE
243	5020300016	NA	FALSE
244	5020300017	NA	FALSE
245	5020300018	NA	FALSE
246	5020400000	NA	FALSE
247	5020400001	NA	FALSE
248	5020400002	1	TRUE
249	5020400003	-2	TRUE
250	5020400004	1	TRUE
251	5020400005	1	TRUE
252	5020400006	NA	FALSE
253	5020400007	NA	FALSE
254	5020400008	NA	FALSE
255	5020500000	1	TRUE
256	5020500001	1	TRUE
257	5020500002	NA	FALSE
258	5020500003	NA	FALSE
259	5020500004	0	TRUE
260	5020500005	NA	FALSE
261	5020500006	NA	FALSE
262	5020500007	NA	FALSE
263	5020500008	NA	FALSE
264	5020500010	NA	FALSE
265	5020500011	NA	FALSE
266	5020500012	NA	FALSE
267	5020500013	NA	FALSE
268	5020500014	NA	FALSE
269	5020500016	NA	FALSE
270	5020600000	1	TRUE
271	5020600001	1	TRUE
272	5020600002	0	TRUE
273	5020600003	NA	FALSE
274	5020600004	NA	FALSE
275	5020600005	NA	FALSE
276	5020600007	NA	FALSE
277	5020600008	NA	FALSE
278	5020600009	NA	FALSE
279	5020600012	NA	FALSE
280	5020600013	NA	FALSE
281	5020700000	-1	TRUE
282	5020700001	NA	FALSE
283	5020700002	NA	FALSE
284	5020700003	NA	FALSE
285	5020700004	NA	FALSE
286	5020700005	NA	FALSE
287	5020700006	NA	FALSE
288	5020700007	NA	FALSE
289	5020800000	1	TRUE
290	5020800001	0	TRUE
291	5020800002	-1	TRUE
292	5020800003	-1	TRUE
293	5020800006	NA	FALSE
294	5020800007	NA	FALSE
295	5020800008	NA	FALSE
296	5020800011	NA	FALSE
297	5020800012	NA	FALSE
298	5020900000	1	TRUE
299	5020900001	NA	FALSE
300	5020900002	-1	TRUE
301	5020900003	1	TRUE
302	5020900004	NA	FALSE
303	5020900005	NA	FALSE
304	5020900006	NA	FALSE
305	5020900007	NA	FALSE
306	5020900008	NA	FALSE
307	5020900009	NA	FALSE
308	5020900010	NA	FALSE
309	5020900012	NA	FALSE
310	5020900013	NA	FALSE
311	5020900014	NA	FALSE
312	5020900015	NA	FALSE
313	5020900018	NA	FALSE
314	5020900019	NA	FALSE
